1[]
2[]
3[]
4[]
5[]
6[9, 9, 9, 9]
7[]
8[9, 9]
9[9]
10[]
11[9, 9, 9, 9]
12[]
13[]
14[]
15[]
16[]
17[]
18[]
19[]
20[]
21[]
22[]
23[]
24[]
25[]
26[]
27[]
28[]
29[]
30[]
31[]
32[]
33[]
34[]
35[]
36[]
37[]
38[]
39[]
40[]
41[]
42[]
43[]
44[]
45[]
46[]
47[]
48[]
49[]
50[]
51[]
52[]
53[]
54[]
55[]
56[]
57[]
58[]
59[]
60[]
1[]
2[]
3[]
4[]
5[]
6[]
7[]
8[]
9[]
10[]
11[]
12[]
13[]
14[]
15[]
16[]
17[]
18[]
19[]
20[]
21[]
22[]
23[]
24[]
25[]
26[]
27[]
28[]
29[]
30[]
31[]
32[]
33[]
34[]
35[]
36[]
37[]
38[]
39[]
40[]
41[]
42[5]
43[5, 5]
44[]
45[]
46[]
47[]
48[]
49[]
50[5]
51[5]
52[5]
53[]
54[]
55[]
56[]
57[]
58[]
59[]
60[]
1[]
2[]
3[]
4[]
5[]
6[]
7[]
8[]
9[]
10[]
11[]
12[]
13[]
14[]
15[]
16[]
17[]
18[]
19[]
20[]
21[]
22[]
23[]
24[]
25[]
26[]
27[]
28[]
29[]
30[5]
31[]
32[]
33[9, 9, 1, 8, 9, 9]
34[]
35[]
36[5]
37[]
38[]
39[]
40[]
41[]
42[]
43[]
44[]
45[]
46[]
47[5]
48[]
49[]
50[]
51[]
52[]
53[]
54[]
55[]
56[]
57[]
58[]
59[]
60[]
1[]
2[]
3[]
4[]
5[]
6[5]
7[]
8[]
9[]
10[]
11[]
12[]
13[]
14[]
15[]
16[]
17[]
18[]
19[]
20[]
21[]
22[]
23[]
24[]
25[]
26[]
27[]
28[]
29[]
30[]
31[]
32[]
33[]
34[]
35[]
36[]
37[]
38[]
39[]
40[]
41[]
42[]
43[]
44[]
45[]
46[]
47[]
48[]
49[]
50[]
51[]
52[]
53[]
54[]
55[]
56[]
57[]
58[]
59[]
60[]
1[5]
2[]
3[]
4[]
5[]
6[]
7[]
8[]
9[]
10[]
11[]
12[5]
13[]
14[5]
15[5]
16[5]
17[]
18[]
19[]
20[]
21[]
22[]
23[]
24[]
25[]
26[]
27[]
28[]
29[]
30[]
31[5]
32[5]
33[]
34[]
35[]
36[]
37[]
38[]
39[]
40[]
41[]
42[]
43[5]
44[]
45[]
46[]
47[5]
48[9, 2, 8, 9]
49[9, 2]
50[9, 9]
51[9, 2, 9, 2, 9, 9]
52[9, 2, 9, 9, 9, 2, 8]
53[9, 9, 2, 9]
54[]
55[9, 9, 9, 2, 9, 2]
56[9, 9, 9, 9]
57[9, 2, 9, 2, 9, 5, 9]
58[2, 5, 9, 5, 2, 8, 9, 9, 2, 2]
59[5, 5, 5, 5, 5]
60[]
1[5, 5]
2[]
3[]
4[]
5[]
6[9]
7[9, 9, 9, 9, 9, 2, 8]
8[9, 9]
9[]
10[]
11[]
12[]
13[]
14[9]
15[1, 9, 9, 1, 9, 1, 9, 1]
16[9]
17[9]
18[5]
19[]
20[]
21[5]
22[]
23[9, 9]
24[9, 2, 8, 9, 9]
25[5, 5]
26[]
27[5, 9, 9, 2, 8, 9, 2]
28[5]
29[9, 9, 1, 9, 1]
30[]
31[5]
32[]
33[]
34[9, 9, 2, 8]
35[5]
36[]
37[]
38[]
39[]
40[9, 9, 2, 8, 9]
41[2]
42[]
43[]
44[5]
45[9, 9, 9]
46[2, 8]
47[]
48[9, 9]
49[9, 9, 2, 2, 9]
50[2, 9, 9, 2, 9, 9, 2, 9, 2, 9, 5, 2]
51[9, 2, 9, 9, 9, 9, 9, 9, 9]
52[9, 9, 9, 9, 9, 5]
53[]
54[5, 5, 5, 9]
55[5, 5, 9, 2, 8, 9, 5]
56[9, 2, 5, 5]
57[]
58[5]
59[]
60[]
1[5]
2[9, 9, 9]
3[9, 2, 8, 9, 9, 2, 2]
4[5]
5[9, 9, 9, 9, 2, 8, 9]
6[9, 9]
7[]
8[]
9[9, 9, 9, 2, 9, 9]
10[9, 9, 5, 9, 2, 9, 9, 2, 9, 9, 2, 9]
11[9, 2, 9, 9, 2, 9, 9, 2, 9, 9]
12[]
13[]
14[9, 9, 9, 2, 8, 9, 9, 2]
15[]
16[5, 9, 9, 2, 9]
17[9, 2, 9, 2, 9, 9]
18[9, 9, 9, 9, 9]
19[9, 2, 9, 9, 2, 9, 9, 2, 9, 5]
20[9, 2, 8, 9, 9, 9, 2, 2]
21[]
22[]
23[5]
24[]
25[5]
26[5, 9]
27[9, 9, 9, 2, 8, 9, 9, 2, 2]
28[2]
29[5, 5, 5]
30[]
31[5, 9, 2, 8, 9, 9, 2]
32[5, 5, 5, 5]
33[5, 5]
34[5, 5]
35[]
36[9, 9]
37[2, 8, 9, 2]
38[9, 2, 9]
39[]
40[]
41[9, 9, 9, 2, 8, 9, 9]
42[]
43[]
44[]
45[9, 9]
46[9, 2, 9, 9, 9, 9, 2]
47[9, 2, 9, 9, 2, 8, 9, 9, 2, 2]
48[2, 5, 9]
49[2, 9, 9, 2, 9, 9, 2]
50[2, 9, 9, 9, 2, 9, 2, 9, 9, 2, 9, 2, 9, 9]
51[9, 2, 8, 9, 9, 9, 9]
52[]
53[]
54[]
55[]
56[9]
57[9, 2, 8, 9]
58[9, 2]
59[]
60[]
1[5]
2[5, 5]
3[5]
4[5, 5, 5, 5, 5, 5, 5]
5[5]
6[5, 5, 5]
7[5, 9, 2, 8]
8[5]
9[5, 5, 5, 5]
10[]
11[9, 2]
12[9, 2]
13[9]
14[]
15[9, 9, 2, 8, 9, 9]
16[2, 2]
17[]
18[9, 2, 8, 9]
19[5]
20[9, 2]
21[9]
22[2, 9, 5, 2, 9]
23[9, 2, 8, 9]
24[]
25[9, 2]
26[]
27[]
28[9, 9]
29[9, 2, 8, 9]
30[9, 9, 2, 2]
31[9, 9, 2, 9, 9, 2, 9, 2, 9]
32[2, 9, 9, 2]
33[9, 2, 9, 9]
34[9, 2, 8, 9, 9, 2]
35[]
36[]
37[9, 2, 9]
38[9, 9, 9, 2]
39[5, 9, 2, 9, 9, 2, 8, 9, 9]
40[9, 2, 5]
41[5, 5, 5, 5]
42[5]
43[5, 5, 5]
44[5]
45[5, 5, 5]
46[5]
47[]
48[9, 9, 9, 1, 9, 1, 9]
49[9, 1]
50[]
51[]
52[]
53[9, 9, 9, 9]
54[9, 9, 2, 8, 9, 2, 2]
55[]
56[5]
57[]
58[]
59[9, 9, 9, 2, 8]
60[]
1[]
2[9, 9]
3[9, 9, 9, 2]
4[9, 9, 5, 9, 2, 8, 2]
5[5]
6[]
7[]
8[]
9[]
10[9, 9, 2, 8, 9]
11[9, 9]
12[5, 5, 5, 9, 9, 2, 9, 9, 2]
13[2, 9, 9, 2, 9, 5, 9, 2, 8, 9, 9]
14[5, 5, 5, 5, 5, 5]
15[5, 5]
16[5, 5]
17[]
18[5]
19[]
20[9, 9, 2, 8, 9, 9]
21[2]
22[9]
23[5, 9, 9, 9, 2]
24[9, 2, 2, 9, 5, 9, 9]
25[9, 2, 9, 2, 8, 9, 9, 2]
26[2]
27[9, 9, 2]
28[9, 9, 2, 9, 2, 9, 2, 9, 9]
29[5, 9, 9, 2, 9, 9, 2, 8, 9, 2]
30[5]
31[]
32[9, 9, 2, 9]
33[2, 9, 2, 9]
34[9, 9, 2, 9, 9, 2, 9, 2, 9]
35[9, 2, 9, 2, 8, 9, 2, 2]
36[5]
37[5, 9]
38[9, 9, 9, 9, 9, 2, 9, 9, 2]
39[9, 9, 2, 2, 9, 9, 9, 9]
40[9, 2, 9, 2, 2, 8, 9]
41[2, 5]
42[]
43[]
44[]
45[9, 9, 2, 8, 9, 9, 2]
46[]
47[5, 5, 5, 5, 5]
48[5, 5, 5]
49[5, 5, 5, 5]
50[5, 5]
51[9, 9, 9, 2, 8, 9, 5]
52[5, 2]
53[]
54[9, 9, 2, 8, 9, 9]
55[]
56[5]
57[9, 9, 2, 9, 9, 2]
58[2, 9, 9, 2, 9, 9, 2, 9, 2]
59[9, 2, 9, 2, 9, 9, 2, 9, 9, 2, 9]
60[9, 2, 8, 9, 9]
